quarter_eV_resolution: 0.25 # used for interpolation
e_range_diff: 35 # energy range used

e_start:
  Ti: 4970
  Cu: 4602

emperical_offset:
  Ti: 5114.08973
  Cu: 9494.08973

gamma:
  Ti: 0.89
  Cu: 1.19

e_core:
  Ti: -4864.0371
  Cu: -8850.2467
